0.190161
0.189972
0.190084
0.189954
0.189944
0.148628
0.148769
0.148822
0.148669
0.148630
0.132183
0.131948
0.131862
0.131866
0.131907
0.133691
0.133708
0.133699
0.133675
0.133658
0.135355
0.135396
0.135347
0.135372
0.135371
0.190219
0.190078
0.190126
0.190078
0.190311
0.148632
0.148469
0.148529
0.148874
0.148597
0.131794
0.131833
0.131921
0.131838
0.131841
0.133666
0.133579
0.133649
0.133636
0.133666
0.135300
0.135308
0.135336
0.135307
0.135455
0.227518
0.227508
0.227493
0.227516
0.227539
0.178421
0.178027
0.178019
0.178187
0.178084
0.158121
0.158096
0.158102
0.158098
0.158049
0.160323
0.160259
0.160226
0.160317
0.160399
0.162570
0.162521
0.162512
0.162486
0.162503
0.227474
0.227491
0.227414
0.227463
0.227347
0.178401
0.177963
0.178290
0.178040
0.177950
0.158065
0.157982
0.158139
0.158024
0.157989
0.160440
0.160199
0.160286
0.160276
0.160264
0.162463
0.162342
0.162425
0.162249
0.162350
