0.227483
0.226973
0.226933
0.226991
0.226956
0.181636
0.181380
0.181523
0.181449
0.181470
0.162524
0.162522
0.162522
0.162504
0.162782
0.168863
0.168636
0.168707
0.168692
0.168812
0.170210
0.170251
0.170360
0.170232
0.170290
0.230401
0.230250
0.230644
0.230468
0.230434
0.184751
0.184622
0.184613
0.184617
0.184709
0.166224
0.166528
0.166208
0.166182
0.166106
0.172909
0.172827
0.172792
0.172793
0.172566
0.174754
0.174579
0.174659
0.174538
0.174584
0.308114
0.307984
0.307982
0.308035
0.308045
0.244560
0.244253
0.244482
0.244355
0.244391
0.216984
0.216724
0.216604
0.216616
0.216597
0.223199
0.223246
0.223141
0.223216
0.223150
0.224444
0.224500
0.224510
0.224557
0.224526
0.238064
0.237971
0.237928
0.238051
0.237899
0.191784
0.191666
0.191574
0.191559
0.191706
0.173829
0.173753
0.174015
0.173695
0.174025
0.181532
0.181357
0.181500
0.181453
0.181498
0.184278
0.185022
0.184417
0.184077
0.184005
